3

5 4 4
0 3 3
4 0 0
010010 010100 010100 001100 
001010 001010 001010 100010 
101010 101000 110000 000110 
100000 100010 010010 000100 
010001 010100 011100 000110 
000011 000011 101011 000011 
010001 000110 101000 001001 
010010 000101 100001 100010 
001010 011000 000110 001001 
101001 100001 001001 100011 
100010 001001 110000 000110 
000011 110000 010110 000111 
000001 001010 010001 000110 
010010 100110 001010 000011 
010001 000110 100010 000011 
000011 010010 000101 000011 
011000 010101 010100 000101 
101001 010001 000101 001001 
101000 010001 000101 100001 
100001 010001 010100 000101 

3 3 3
0 0 0
2 2 2
000010 011000 000110 
001010 100010 001010 
110000 010100 100100 
001001 010010 000101 
100001 001011 001011 
000010 100000 100000 
011000 000101 001000 
101000 010001 100101 
110001 010100 000100 

5 10 10
1 1 8
3 7 1
001000 010010 011100 001100 001010 011000 000110 011000 010100 000100 
101000 010010 100100 100000 101000 101000 011000 100100 011000 001100 
110000 001100 011000 001100 101000 101000 110000 010100 100100 101000 
011010 100100 101000 110000 100100 110000 010100 000110 010010 100110 
101000 011000 100110 011000 001100 011000 001100 010000 010110 001110 
110000 100100 011000 100100 110000 100100 110000 001100 010010 100100 
010010 000110 110000 000110 010010 010100 001100 110000 000110 001000 
011000 000110 000010 011000 001100 010000 100100 010010 001100 101000 
111010 000100 001010 101000 101000 011000 000110 001010 110000 100100 
100000 010010 100100 100000 100010 110000 010100 100100 010010 000110 
011000 000101 011000 001100 010001 000100 010001 000110 010010 000110 
101000 001001 101000 110000 010100 010100 010100 000110 000010 001010 
101000 100010 110000 000110 011010 000100 001010 011000 010100 100110 
100011 010010 000110 010010 100100 001010 100010 100001 001001 000011 
001010 000010 011011 010100 010100 100100 010010 001100 100001 000001 
110000 001100 110000 010100 000110 001010 011000 100100 001001 001010 
001011 100001 001010 000011 001001 100010 101000 000010 100001 101000 
110000 000101 100011 001010 100010 011000 100100 010001 000110 100010 
010001 010100 000101 110000 010100 100100 000011 001001 011000 000110 
010010 000101 010010 010100 000111 010010 010100 100100 100001 000011 
001010 001010 011000 010100 010100 010100 001100 000011 000011 000011 
110000 100100 100010 010010 001100 000010 110000 000101 001001 000001 
001010 000011 001010 000011 100001 011000 000101 001010 110000 000101 
100001 001001 100001 011001 001100 100001 010001 100100 000010 001001 
001001 100001 001001 100010 110000 010100 000101 000010 010010 100100 
100010 010000 111100 000110 010001 000101 011000 010100 001100 000011 
010001 001100 100001 000011 011000 000101 100010 000011 110000 001110 
000010 110000 000101 000011 100001 010000 000110 001010 000011 100001 
010010 011110 000100 001010 010010 010110 000101 100010 011000 000101 
000011 110000 000101 110000 000101 010001 010100 000110 100000 000011 
000011 000011 010000 011100 010100 010100 010100 000101 000011 000011 
001010 001010 000011 100011 011000 000101 010010 010100 010100 000110 
100001 100011 010001 000101 100010 010010 010100 000101 010010 000110 
010010 001100 010000 001100 010000 000110 011000 001100 010001 000110 
000010 110000 001100 100001 001010 010010 100100 100011 001001 001010 
010001 000110 101000 000011 101000 010000 001110 010010 100100 100001 
010010 010100 100100 001001 110000 000110 100001 011001 000110 000001 
001001 010000 001100 100001 011000 010100 000111 100001 000011 001010 
100001 000011 110000 000101 100001 010001 001100 010001 001100 100010 
010001 000110 010010 010100 010100 000110 100000 010001 100100 000011 
001001 010001 010100 010100 010100 010100 001100 011000 000101 001001 
100001 000001 001001 010001 010100 000100 100001 101000 000000 100001 
011000 000101 110000 001100 010001 000101 011000 100100 001001 001001 
101001 011000 010100 100100 011000 000101 110000 010100 100100 100001 
100001 101000 011000 010100 100101 001001 001000 010001 001100 001001 
001000 100001 101000 010001 000100 110000 100101 010001 100100 101000 
101001 011000 100100 011000 010100 000101 011000 001100 010001 100100 
111000 110100 000100 110000 010100 001100 101001 101000 010001 000101 
101000 010001 010100 011100 000100 110000 100100 110000 010100 000101 
100000 010001 000101 110000 010100 010101 010100 010100 010100 000101 
